-5329
-24680
-44
-2496
-34089
91
-1513
-21
-29997
-445
350
-25532
3795
-1355
551
-14673
-2261
380
5209
-17617
2932
-3042
1354
4090
1061
-18570
-3653
1175
5276
2328
458
2598
-35508
3187
-23815
-21226
1639
-7568
-460
-1439
-20169
10938
-1465
6450
4215
-5989
-5528
4348
-710
-408
-2368
3708
5833
1789
-3380
1378
2949
1622
8527
-16
-9558
-4162
3457
-1288
11908
-2122
2532
-24319
-26964
1427
2671
8514
1935
-2269
-2724
4711
865
4147
2634
343
-978
-33215
9017
-14882
-41171
-416
-7317
-36634
-1347
-10316
-29436
-5939
2357
-29402
7739
2917
2182
1181
-4679
4023
-2188
2747
2252
-25232
-7464
5088
-624
-32442
-1961
-37140
-3301
1527
-887
247
862
3045
1803
6137
2090
2596
-3956
1326
-3036
-2275
3941
510
-2559
5723
