-9
-22
-107
-106
-87
-87
-23
-8
-18
-11
362
21
-50
-26
-39
-25
-104
-22
-46
-84
-21
-108
-31
3
-34
-96
-36
5
-3
107
-36
-34
-21
222
-15
-25
7
-43
-27
-56
0
-87
-41
-86
-39
2
-11
-42
-36
-117
-49
3
-45
-40
-4
-10
-27
-34
0
9
-17
-1
-33
-60
-25
-34
-41
-31
-41
-41
-22
24
-14
-34
58
-42
5
20
-20
-33
-96
-11
137
69
-36
-60
-42
4
-29
-24
-36
-41
-25
-70
9
8
-76
11
-20
-119
-32
-15
-48
-27
-36
-36
-41
-56
10
31
-77
224
1
-29
-72
-34
54
-52
-17
-12
-19
-23
7
-33
-11
-28
-36
-31
0
-117
-40
-9
-33
17
-78
-87
-50
-39
-30
-34
-22
-2
-10
34
-30
-32
-32
-4
-11
-8
-108
-5
-20
-46
-1
-30
-37
-44
-63
-41
-48
9
-16
1
12
-99
-102
-37
-47
-21
-34
-71
-41
-36
-28
-24
-101
45
-33
-65
-17
-40
4
-54
-5
-27
-42
-110
-29
-120
-12
-26
-75
-39
-100
-2
-48
-44
-50
-1
-98
-53
-62
8
-29
-43
-53
-28
-58
-33
11
168
-14
-35
-40
-35
-32
-51
-28
-11
-48
-24
-35
-36
95
-12
213
24
-23
-112
-32
-32
-107
-39
-74
-33
-23
-35
8
-30
-70
-20
-29
-102
-110
-36
-16
-25
-86
-46
-44
1
7
-72
-36
-40
