-38
-33
-8
-101
-22
-21
7
-17
32
91
-6
38
-13
-62
-59
-12
-23
19
-67
15
-38
-28
13
-40
-22
65
175
-3
-17
-13
-26
-16
88
-7
-51
7
-23
-1
17
-4
-41
23
-1
-17
-66
-21
-14
-17
-8
-149
7
0
-11
-11
-10
-4
-67
0
174
-87
-8
-6
-91
-22
4
-21
-85
-6
-24
-10
17
-36
-30
-35
91
-77
-10
2
-14
175
9
-87
84
2
4
-11
-45
-38
0
-4
-15
0
-15
-10
22
-108
-3
13
-48
-60
-49
-82
2
-4
-9
0
-5
-5
7
27
-26
-14
-53
51
73
-20
-8
71
-43
-21
-18
-106
-16
-49
-16
19
-1
-37
