  -1    0  -23
  80    3 -127
 -76   -3  -30

  15   44   20
 -15 -110 -127
  10   23   10

  22  -37  -88
  -3 -127 -100
  33 -122  -68

   0  -11   59
 -30  -78   63
  24 -127   40

  -4   20   14
  -9   -4   39
-125  -20 -127

 -65  -97   58
-127  -76 -115
-120 -103   58

-110   22 -124
-127   24  -51
 -52   48  -30

  37   66   14
  51  127   30
  97  117   72

  13   -1  -18
  44  -21  -27
  31 -127   -2

 -97 -127  -32
   8   -8    3
 -16   43    3

 -42 -119 -127
  47   45  -45
  -7 -104  -86

  -5   68  -11
  -5 -125   67
  -7 -126 -127

   5   -1  -34
  24    8  -31
-127    4  -27

 -57  -53  -40
  24  -22   50
 -44  -61 -127

   0   15   38
 -22 -127  -97
 -12 -121 -107

  -4 -122 -116
 -20 -127  -49
  17   19   27

  44   -9 -127
  19  -39 -115
-113  -79 -124

  44 -127  -40
 -99   17  -69
   3 -120  -79

  73 -103  -21
-117 -127    8
 -54  -21   10

  -5   13   -4
  18 -127    3
   0   23    3

  65   87  127
  80   74  105
  35   18   56

 -37   21  -22
 -21   34  -51
 -28  -98 -127

 -22  -28  -16
 -26  127   -4
 -14   -8  -11

   7   -5 -127
  12   17 -126
  41   31    1

  -8 -117   72
  -6   -3 -127
  -1   -2    5

   6   37   -4
  -2   -3  -19
 -47 -127   35

   4   58   61
 -26  -38   -6
  -1  -45 -127

-122 -127 -100
 -42  -34   82
 -42  -44   50

 -55  -13   30
 -67   -2   37
-127    6   57

-118  -86  -92
 -93 -112  -97
-127 -111 -110

 -85 -118 -113
 -44  127  -35
 -84 -115  -49

  50  -23   27
  73 -101 -127
 -10 -127  -49

