   2   -1  -13
   0   -2    0
   4   -4    2

  -2   -5    0
  -4   -1   -6
   1   20    0

   0    0  -15
 -13   10   -1
   0   -2   14

   0    6    0
   7   -8   -4
   0   21    0

   2  -18  -25
  -3    2    5
   0   11   -7

   1   -1    1
 -33    4    2
   2   17   20

  -4   -6   -2
  -1    2    0
  -3    0   -6

  16    2   -1
 -11    0    1
   0   25   -4

  -1  -11   -4
  -8   -4   -1
  -8    1   20

  -1   -4    1
  -9   15    1
 -14    3   -1

  -5    0  -13
   0    3   -7
  -5  -11   22

  15   -1   -1
   2  -29    1
  51   11    0

   6   -2   73
   1  -24    0
  -3    2   15

  20  -12  -51
   3   -1  -14
   8    3    9

   9   -9    6
  18  -35  -30
   1   25   30

 -54    1  -75
 -17  -18   11
   9 -127    3

  48  -13  -24
   1  -12  -12
  10   48  -31

  -1  -18  -10
  -6  -21  -20
   6   -5   -1

  15   16    1
   0  -29    7
  -1   58   10

  11    5   -6
  59    1  -39
  -1    7    3

   5  -26   -8
 -11   -8   -1
  19    3   -8

  12   10  -17
   3   12  -10
   0   -1    0

 -16   -4    1
   5  -18    0
  -4   -1   -7

   2   15    0
  -1   -1   -7
 -17    9   45

   1    0    1
   0   -6    0
   3    4   -5

 -15   16    0
   1    0   -4
 -14   -1   -6

  18    8   -7
   1   -5    2
 -31   17    3

   2    3   27
  -3  -21   -2
  -2    8    0

   1    0    0
  -2    3    0
  -8    0    1

   1   10    1
  -2   -2  -18
  -4   -3   -1

   6    1   20
   1   -5    0
  -1    0   -1

   8    4   -1
  -7    0    7
   0   -1    8

